dataset_name: 'scannet'
camera_params:
  image_height: 968
  image_width: 1296
  fx: 1163.445068
  fy: 1164.793945
  cx: 653.626038
  cy: 481.600037
  png_depth_scale: 1000.0 #for depth image in png format